0 10 100
1 245 100
2 24 100
3 90 100
4 410 100
5 483 100
6 364 100
7 14 100
8 159 100
9 451 100
10 77 100
11 86 100
12 13 100
13 113 100
14 177 100
15 61 100
16 123 100
17 0 100
18 97 100
19 27 100
20 149 100
21 90 100
22 5 100
23 44 100
24 221 100
25 96 100
26 20 100
27 80 100
28 2 100
29 30 100
30 26 100
31 106 100
32 5 100
33 189 100
34 80 100
35 20 100
36 5 100
37 116 100
38 232 100
39 5 100
40 112 100
41 116 100
42 134 100
43 176 100
44 16 100
45 21 100
46 186 100
47 34 100
48 89 100
49 113 100
50 80 100
51 142 100
52 156 100
53 47 100
54 1 100
55 235 100
56 137 100
57 173 100
58 69 100
59 129 100
60 35 100
61 109 100
62 186 100
63 199 100
64 69 100
65 7 100
66 168 100
67 102 100
68 36 100
69 193 100
70 29 100
71 217 100
72 30 100
73 123 100
74 158 100
75 217 100
76 87 100
77 52 100
78 16 100
79 138 100
80 114 100
81 153 100
82 84 100
83 199 100
84 79 100
85 137 100
86 1 100
87 36 100
88 12 100
89 70 100
90 98 100
91 64 100
92 142 100
93 123 100
94 120 100
95 152 100
96 67 100
97 7 100
98 30 100
99 150 100